quality,Demo,Cohort,GROUP,age,sex,ATTATOT,ATTAIND,ATTAC,ATTAL,Cab1No,Cab1Fs,Cab1Fi,Cab1o,Cab2No,Cab2Fs,Cab2Fi,Cab2o,Cab3No,Cab3Fs,Cab3Fi,Cab3o,SCIVall,SCISall,SCIMall,SCIVten,SCISten,SCIMten,ATD
12,5,1,COV,20.34520548,F,54,4,58,2,5,3,5,5,1,4,6,5,,,,,8,13,15,7,9,8,
123,15,1,COV,20.34246575,F,61,8,69,4,5,5,4,2,1,4,6,6,2,5,8,6,4,11,6,4,8,5,
1,43,1,COV,20.33424658,F,60,8,68,4,5,4,7,5,,,,,,,,,3,,8,3,,6,
x12,60,1,COV,20.07945205,F,,,,,5,5,7,3,1,5,8,4,,,,,,,,,,,
123,67,1,COV,19.57260274,F,54,6,60,3,5,6,7,4,1,5,9,7,2,3,7,1,6,13,8,6,7,5,
123,79,1,COV,21.23835616,M,67,13,80,6,5,5,9,7,1,4,8,10,2,3,12,10,9,7,12,8,6,6,
1,87,1,COV,19.48493151,F,67,12,79,6,5,0,3,4,,,,,,,,,,,,,,,
123,107,1,COV,20.0630137,M,53,8,61,3,5,5,6,6,1,7,5,7,2,6,8,5,7,7,15,6,7,10,
123,132,1,COV,19.55068493,F,55,6,61,3,5,5,3,5,1,5,4,8,2,4,8,7,,,,,,,
2,138,1,COV,19.96438356,M,,,,,,,,,1,4,7,3,,,,,,,,,,,
1,166,1,COV,20.2109589,M,64,6,70,4,5,4,7,4,,,,,,,,,3,,,2,,,
12,179,1,COV,20.28767123,F,65,11,76,5,5,4,9,7,1,6,7,8,,,,,8,10,8,7,6,6,
12,185,1,COV,19.61643836,F,52,6,58,2,5,3,6,1,1,3,8,3,,,,,8,9,9,8,8,6,
2,188,1,COV,20.11506849,,,,,,,,,,1,2,7,5,,,,,,,,,,,
123,218,1,COV,20.44109589,F,69,12,81,6,5,4,7,6,1,6,8,9,2,6,11,7,,7,,,5,,
1,228,1,COV,20.10136986,F,66,14,80,6,5,2,6,3,,,,,,,,,,,,,,,
1,4,2,COV,24.43287671,F,64,10,74,5,3,2,7,6,,,,,,,,,8,10,14,7,5,6,
1,7,2,COV,19.26027397,F,67,12,79,6,3,4,6,4,,,,,,,,,8,8,8,8,4,6,
1,12,2,COV,21.92328767,F,64,10,74,5,3,3,10,6,,,,,,,,,,,,,,,
1,48,2,COV,21.24931507,F,51,6,57,2,3,3,5,0,,,,,,,,,,,,,,,
12,69,2,COV,20.32328767,F,52,3,55,2,3,2,4,0,4,5,2,1,,,,,4,11,12,4,8,8,
1,70,2,COV,18.98356164,F,68,8,76,5,3,1,6,2,,,,,,,,,,,,,,,
1,77,2,COV,18.48767123,F,62,5,67,3,3,3,7,1,,,,,,,,,9,10,7,8,7,4,
1,104,2,COV,27.56712329,M,46,3,49,1,3,4,9,3,,,,,,,,,,,,,,,
123,110,2,COV,20.84109589,F,58,6,64,3,3,3,7,1,,,,,,,,,,,,,,,
1,114,2,COV,19.13972603,F,57,7,64,3,3,2,2,1,,,,,5,2,5,3,,,,,,,
12,118,2,COV,20.55890411,F,60,9,69,4,3,3,8,8,4,5,12,8,,,,,,,,,,,
1,124,2,COV,19.96986301,F,61,5,66,3,3,2,5,4,,,,,,,,,,,,,,,
1,126,2,COV,18.47123288,F,66,9,75,5,3,3,10,6,,,,,,,,,7,8,11,7,6,6,
12,129,2,COV,20.1369863,F,62,8,70,4,3,3,6,6,4,8,7,10,,,,,6,10,9,5,5,5,
1,151,2,COV,19.54520548,F,65,10,75,5,3,3,7,8,,,,,,,,,,,,,,,
1,197,2,COV,18.93972603,F,56,6,62,3,3,3,6,4,,,,,,,,,,,,,,,
1,201,2,COV,18.5260274,F,68,16,84,6,3,4,6,11,,,,,,,,,,,,,,,
1,203,2,COV,18.44383562,F,61,4,65,3,3,2,10,4,,,,,5,4,10,7,,,,,,,
12,215,2,COV,18.93424658,F,65,14,79,6,3,4,5,3,4,5,6,8,,,,,7,12,12,6,7,7,
12,216,2,COV,18.84931507,F,55,8,63,3,3,2,10,4,4,5,9,3,,,,,,,,,,,
3,31,1,TL3,21.25479452,F,,,,,,,,,,,,,5,4,8,8,,,,,,,
3,35,1,TL3,25.00273973,,,,,,,,,,,,,,5,7,14,7,,,,,,,
3,61,1,TL3,20.90684932,F,,,,,,,,,,,,,5,6,11,7,,,,,,,
3,136,1,TL4,22.05205479,F,,,,,,,,,,,,,1,7,9,5,,,,,,,
3,177,1,TL3,20.53972603,F,,,,,,,,,,,,,5,5,3,5,,,,,,,
3,222,1,TL3,21.1890411,F,,,,,,,,,,,,,5,4,12,8,,,,,,,
123,8,1,TL1,21.17808219,F,64,6,70,4,1,4,12,3,2,5,6,9,3,3,6,2,,,,,,,
13,9,1,TL1,21.09589041,M,56,12,68,4,1,3,11,6,,,,,3,4,5,6,,,,,,,
123,20,1,TL1,20.42465753,M,68,12,80,6,1,4,15,3,2,7,9,7,3,4,9,6,7,10,13,7,7,8,
13,29,1,TL1,23.42191781,F,65,4,69,4,1,4,12,3,,,,,3,2,6,4,6,11,12,6,8,7,
123,54,1,TL1,20.90958904,F,60,7,67,3,1,3,10,4,2,8,12,6,3,2,13,5,7,8,12,7,6,7,
2,78,1,TL1,22.40547945,M,,,,,,,,,2,7,7,11,,,,,,,,,,,
123,85,1,TL1,20.56986301,F,63,6,69,4,1,5,11,6,2,6,9,2,3,2,8,5,,,,,,,
123,92,1,TL1,19.81643836,F ,58,9,67,3,1,5,8,6,2,5,12,5,3,3,5,8,10,9,10,9,6,7,
123,115,1,TL1,19.97260274,F,70,9,79,6,1,6,9,5,2,7,8,9,3,4,8,5,6,13,12,6,9,7,
1,119,1,TL1,22.22465753,F,70,13,83,6,1,4,8,5,,,,,,,,,5,8,8,4,5,5,
12,131,1,TL1,20.63835616,F,59,3,62,3,1,3,9,6,2,5,4,5,,,,,8,10,7,8,6,6,
1,134,1,TL1,20.30136986,F,60,7,67,3,1,3,5,3,,,,,,,,,,,,,,,
12,158,1,TL1,19.8739726,F,62,12,74,5,1,5,12,5,2,9,7,6,,,,,5,12,11,5,10,8,
1,160,1,TL1,19.54246575,F,63,8,71,4,1,5,8,3,,,,,,,,,,,,,,,
123,169,1,TL1,20.62739726,F,66,8,74,5,1,4,7,3,2,5,10,5,3,3,9,4,6,9,9,6,7,5,
1,187,1,TL1,20.45205479,F,75,11,86,7,1,7,17,10,,,,,,,,,,,,,,,
1,189,1,TL1,19.86027397,F,64,4,68,4,1,2,3,1,,,,,,,,,,,,,,,
12,206,1,TL1,20.02739726,M,69,6,75,5,1,5,13,5,2,8,9,7,,,,,8,7,12,7,4,7,
1,208,1,TL1,21.93972603,F,58,6,64,3,1,2,5,4,,,,,,,,,7,10,10,6,8,6,
13,214,1,TL1,20.2739726,F,67,16,83,6,1,4,15,9,,,,,3,4,13,9,,,,,,,
123,220,1,TL1,19.35342466,F,60,6,66,3,1,3,13,4,2,7,9,6,3,5,8,3,6,7,,6,5,,
123,230,1,TL1,19.93150685,M,65,17,82,6,1,4,7,8,2,7,11,8,3,7,5,13,,,,,,,
123,16,2,TL1,21.67671233,F,73,18,91,7,4,2,10,6,2,6,14,3,3,4,9,5,7,9,12,6,6,8,
123,19,2,TL1,18.50684932,F,64,11,75,5,4,6,3,6,5,7,12,10,1,5,8,7,,,,,,,
123,26,2,TL1,20.6739726,F ,66,23,89,7,4,8,8,6,5,9,14,5,1,9,13,4,4,9,10,4,6,6,
123,28,2,TL1,19.58630137,F,64,21,85,7,4,4,12,8,5,7,11,10,1,4,18,11,7,7,12,7,6,7,
13,51,2,TL1,19.16164384,F,58,10,68,4,4,5,12,5,,,,,1,5,10,7,7,11,13,7,8,6,
12,52,2,TL1,21.08219178,M,56,11,67,3,4,4,4,4,5,7,6,6,,,,,,,,,,,
123,57,2,TL1,18.49589041,F,55,9,64,3,4,4,5,6,5,6,12,6,1,5,7,6,5,13,11,5,9,5,
12,93,2,TL1,20.73424658,F,58,8,66,3,4,1,2,0,5,3,8,0,,,,,,,,,,,
12,95,2,TL1,22.65205479,M,68,13,81,6,4,4,8,5,5,6,21,9,,,,,7,8,8,7,7,6,
123,99,2,TL1,18.56438356,F,67,10,77,5,4,5,7,7,5,8,9,10,1,6,11,10,10,10,13,9,7,7,
1,100,2,TL1,18.39726027,FF,61,10,71,4,4,4,8,4,,,,,,,,,,,,,,,
123,101,2,TL1,19.0630137,M,66,17,83,6,4,5,18,13,5,5,22,13,1,9,11,11,3,8,6,3,6,4,
12,102,2,TL1,21.89315068,F ,59,14,73,4,4,3,6,2,5,6,4,0,,,,,5,6,8,5,5,4,
12,103,2,TL1,21.73150685,F,58,9,67,3,4,3,11,7,5,5,14,8,,,,,,,,,,,
23,116,2,TL1,19.72328767,F ,57,12,69,4,4,4,14,9,5,5,8,1,1,5,8,2,,,,,,,
12,121,2,TL1,19.22191781,F,72,11,83,6,4,4,9,6,5,6,13,6,,,,,,,,,,,
12,155,2,TL1,20.21369863,F ,52,7,59,2,4,3,4,0,5,5,3,0,,,,,,14,9,,9,7,
12,164,2,TL1,18.37534247,M,60,16,76,5,4,2,7,1,5,4,6,7,,,,,5,10,14,4,7,9,
12,171,2,TL1,18.53972603,F,64,11,75,5,4,6,11,7,5,8,8,8,,,,,7,14,12,7,9,7,
123,176,2,TL1,19.70410959,F,59,11,70,4,4,4,7,5,5,5,14,9,1,8,9,4,6,11,10,5,8,4,
123,198,2,TL1,26.69863014,F,56,13,69,4,4,2,9,2,5,5,14,7,1,5,8,2,7,11,13,6,7,8,
12,213,2,TL1,18.77534247,F,61,11,72,4,4,5,8,7,5,6,8,3,,,,,7,10,13,7,6,7,
1,217,2,TL1,18.68767123,M,65,13,78,6,4,4,8,4,,,,,,,,,9,10,12,9,8,7,
12,231,2,TL1,23.76986301,M,49,4,53,2,4,4,8,7,5,5,6,8,,,,,1,8,9,1,6,5,
12,237,2,TL1,19.2630137,F ,51,7,58,2,4,7,6,4,5,6,14,8,,,,,,,,,,,
123,6,1,TL2,21.0109589,F,69,11,80,6,2,4,8,1,3,5,14,6,4,5,11,6,7,12,12,6,9,8,
123,11,1,TL2,20.00821918,M ,61,9,70,4,2,8,10,8,3,7,14,7,4,6,9,7,9,10,13,8,7,7,
123,21,1,TL2,20.25753425,F,56,16,72,4,2,3,8,3,3,4,10,7,4,4,10,6,,,,,,,
123,27,1,TL2,19.58630137,F,68,13,81,6,2,6,12,2,3,6,12,4,4,5,11,9,5,7,7,5,6,3,
123,34,1,TL2,21.16986301,F,62,19,81,6,2,5,8,4,3,5,11,4,4,6,14,2,,,,,,,
123,40,1,TL2,20.58630137,F,65,21,86,7,2,7,5,3,3,5,13,7,4,6,11,8,,,,,,,
12,62,1,TL2,19.74246575,F ,63,11,74,5,2,6,10,2,3,5,13,7,,,,,,,,,,,
12,98,1,TL2,19.56438356,F,66,11,77,5,2,4,6,3,3,5,10,7,,,,,,,,,,,
123,108,1,TL2,22.97534247,M,58,9,67,3,2,7,8,3,3,5,12,6,4,6,7,4,8,9,12,7,7,8,
12,130,1,TL2,22.80547945,F,49,4,53,2,2,4,9,1,3,4,9,3,,,,,9,12,11,8,6,6,
12,133,1,TL2,19.38356164,M,58,9,67,3,2,5,9,5,3,3,9,9,,,,,,,,,,,
123,135,1,TL2,20.13424658,F,69,12,81,6,2,7,12,9,3,7,12,13,4,5,17,8,,,,,,,
123,142,1,TL2,19.46575342,F ,62,9,71,4,2,5,15,6,3,1,7,7,4,5,13,8,,,,,,,
1,152,1,TL2,19.54520548,F,57,14,71,4,2,7,7,4,,,,,,,,,,,,,,,
12,153,1,TL2,19.37808219,F,71,15,86,7,2,5,13,4,3,7,12,6,,,,,6,,13,5,,7,
123,154,1,TL2,19.37808219,F,49,4,53,2,2,4,5,4,3,4,8,9,4,7,11,10,,,,,,,
123,172,1,TL2,22.37534247,F,60,13,73,4,2,6,9,4,3,5,8,6,4,4,6,4,4,7,12,4,5,7,
123,184,1,TL2,20.20273973,M,64,15,79,6,2,5,15,10,3,8,9,16,4,7,6,11,,,,,,,
123,225,1,TL2,22.68767123,F,62,3,65,3,2,4,4,1,3,4,7,4,4,4,1,3,8,9,11,7,5,6,
12,233,1,TL2,23.68493151,F,48,4,52,2,2,4,7,1,3,6,8,1,,,,,,,,,,,
1,235,1,TL2,21.26575342,F,64,9,73,4,2,4,10,4,,,,,,,,,,,,,,,
12,13,2,TL2,19.59178082,F,68,9,77,5,5,4,4,5,1,5,9,9,,,,,8,11,13,8,7,9,
123,17,2,TL2,20.67671233,F ,67,16,83,6,5,5,13,8,1,6,13,7,2,5,16,10,8,9,11,8,8,7,
2,30,2,TL2,22.25479452,F ,60,6,66,3,,,,,1,2,10,2,,,,,,,,,,,
123,37,2,TL2,18.75068493,F,67,16,83,6,5,6,8,2,1,5,7,4,2,5,9,3,,,,,,,
123,41,2,TL2,18.66575342,M,67,12,79,6,5,4,6,5,1,0,4,5,2,5,11,1,,9,10,,6,5,
123,50,2,TL2,19.16164384,F ,69,10,79,6,5,5,8,6,1,4,16,7,2,7,19,12,6,11,6,6,9,4,
12,56,2,TL2,18.57808219,F,70,9,79,6,5,3,10,8,1,7,14,13,,,,,4,7,6,4,5,3,
123,73,2,TL2,20.73972603,F,62,18,80,6,5,6,7,3,5,6,7,7,1,6,8,9,10,10,13,10,5,7,
12,75,2,TL2,18.7369863,F,69,15,84,6,5,4,9,3,1,7,11,8,,,,,5,5,4,5,4,1,
12,80,2,TL2,19.98356164,M,58,7,65,3,5,3,5,5,1,5,9,6,,,,,,,,,,,
123,81,2,TL2,18.89589041,F,55,9,64,3,5,4,6,1,1,3,4,4,2,8,6,4,8,13,10,8,8,6,
123,82,2,TL2,18.81917808,F ,60,11,71,4,5,6,8,4,1,4,8,10,2,6,8,4,,,,,,,
23,91,2,TL2,21.81917808,,,,,,,,,,1,5,9,5,2,5,9,8,,,,,,,
123,94,2,TL2,20.73424658,F,59,6,65,3,5,4,6,2,1,8,3,6,2,4,5,5,7,12,12,7,9,8,
123,120,2,TL2,21.22465753,F ,57,6,63,3,5,4,3,2,1,3,8,5,2,7,9,4,4,12,9,4,9,5,
123,139,2,TL2,18.8,F,68,11,79,6,5,4,6,2,1,3,7,6,2,6,4,5,,,,,,,
12,156,2,TL2,19.2109589,M,60,6,66,3,5,3,4,4,1,3,6,6,,,,,7,10,14,7,10,8,
12,162,2,TL2,18.54246575,F,58,9,67,3,5,5,9,5,1,3,10,4,,,,,6,12,13,5,8,8,
123,174,2,TL2,19.20547945,F ,64,15,79,6,5,5,9,4,1,5,7,6,2,8,8,6,,,,,,,
12,190,2,TL2,19.78082192,F,69,11,80,6,5,4,6,2,5,6,12,4,,,,,11,11,14,10,8,8,
123,192,2,TL2,20.69863014,F,56,11,67,3,5,6,8,6,1,6,12,6,2,6,12,10,5,8,11,5,5,5,
123,195,2,TL2,23.11232877,M,61,17,78,6,5,4,7,2,1,7,14,9,2,8,18,8,3,9,13,3,5,7,
123,200,2,TL2,18.5260274,F,66,16,82,6,5,3,2,7,1,5,11,7,2,6,11,9,7,10,9,7,6,6,
12,211,2,TL2,21.77808219,M,56,14,70,4,5,4,8,4,1,3,11,6,,,,,,,,,,,
2,224,2,TL2,19.93424658,F,,,,,,,,,1,4,10,8,,,,,,,,,,,
123,226,2,TL2,19.51780822,F ,56,8,64,3,5,3,6,2,1,3,4,6,2,5,6,5,,,,,,,
123,227,2,TL2,18.43561644,F ,60,11,71,4,5,5,7,5,1,6,10,12,2,6,14,6,8,5,13,7,5,7,
13,229,2,TL2,19.01643836,M,67,5,72,4,5,4,9,8,,,,,2,6,15,8,,,,,,,
123,239,2,TL2,18.34520548,F,60,15,75,5,5,4,10,6,1,8,16,8,2,6,12,10,7,8,12,6,6,8,
123,240,2,TL2,18.17808219,F,62,11,73,4,5,4,5,6,1,6,9,8,2,6,11,3,,11,14,,7,9,
2,3,1,TL3,19.51232877,,,,,,,,,,4,3,5,1,,,,,,,,,,,
13,10,1,TL3,20.09589041,F,75,10,85,7,3,5,17,5,,,,,4,7,20,6,,,,,,,
123,32,1,TL3,20.25479452,F,70,14,84,6,3,3,8,3,4,4,10,5,5,4,11,7,,,,,,,
12,39,1,TL3,20.67123288,M,57,7,64,3,3,2,9,4,4,4,6,4,,,,,,,,,,,
123,45,1,TL3,19.83287671,M,56,11,67,3,3,1,8,3,4,4,5,4,5,4,4,4,,,,,,,
22,46,1,TL3,20.58356164,,,,,,,,,,4,4,8,2,,,,,,,,,,,
123,53,1,TL3,21.99452055,F ,63,16,79,6,3,3,11,3,4,3,12,3,5,6,8,4,,,,,,,
123,63,1,TL3,19.49315068,F,62,10,72,4,3,4,5,3,4,3,10,6,5,4,9,3,8,10,12,7,7,8,
12,83,1,TL3,22.56986301,M,64,9,73,4,3,3,15,3,4,6,17,7,,,,,9,8,10,8,5,3,
123,97,1,TL3,20.56712329,M,61,5,66,3,3,3,10,2,4,3,7,3,5,5,10,1,,,,,,,
123,111,1,TL3,21.39452055,F,68,12,80,6,3,4,11,2,4,4,10,4,5,6,12,6,9,10,6,8,6,5,
12,117,1,TL3,20.55890411,F ,60,8,68,4,3,3,5,3,4,5,8,6,,,,,,,,,,,
123,128,1,TL3,20.22191781,F,65,6,71,4,3,4,10,7,4,5,7,7,5,5,9,5,8,13,11,8,9,7,
123,165,1,TL3,21.2109589,F,60,9,69,4,3,3,11,8,4,6,11,6,5,6,11,8,8,10,13,8,8,8,
12,180,1,TL3,19.70136986,F,59,5,64,3,3,4,11,2,4,4,10,6,,,,,8,11,,7,8,,
12,182,1,TL3,19.45205479,F,62,10,72,4,3,7,14,8,4,5,14,3,,,,,,,,,,,
123,204,1,TL3,19.35890411,F,68,14,82,6,3,7,6,5,4,6,13,5,5,9,10,9,,11,,,8,,
13,207,1,TL3,22.93972603,F,69,14,83,6,3,3,18,4,,,,,5,7,8,4,,,,,,,
123,209,1,TL3,19.85479452,M,66,8,74,5,3,3,12,5,4,6,15,5,5,7,11,7,,,,,,,
2,223,1,TL3,20.02191781,,,,,,,,,,4,5,9,5,,,,,,,,,,,
123,234,1,TL3,22.26575342,F,69,13,82,6,3,5,18,10,4,4,14,7,5,5,16,11,,,,,,,
123,236,1,TL3,20.26575342,F,65,16,81,6,3,5,7,4,4,4,11,2,5,8,7,3,,,,,,,
123,238,1,TL3,20.01643836,F,71,20,91,7,3,7,12,10,4,6,18,11,5,7,17,16,,,,,,,
2,14,2,TL3,19.50958904,F,,,,,,,,,3,0,7,9,,,,,,,,,,,
123,18,2,TL3,18.5890411,F,66,19,85,7,1,6,6,9,2,6,11,10,3,6,12,10,6,10,12,6,7,7,
12,23,2,TL3,18.91506849,M,59,5,64,3,1,6,15,7,2,5,13,5,,,,,7,8,9,7,7,5,
123,24,2,TL3,18.91506849,M,59,15,74,5,1,7,7,10,2,6,7,9,2,5,11,11,7,8,9,7,6,5,
12,36,2,TL3,10.90684932,M,68,11,79,6,1,5,7,0,2,4,9,4,,,,,6,10,9,6,7,7,
123,42,2,TL3,20.41917808,F,60,9,69,4,1,6,16,6,2,7,14,9,3,7,15,7,6,8,11,5,8,6,
123,47,2,TL3,20.33150685,F,59,2,61,3,1,2,5,2,2,5,6,2,3,3,6,3,4,3,6,4,2,4,
13,65,2,TL3,19.9890411,F,69,9,78,6,1,7,13,3,,,,,3,3,11,4,6,9,8,5,6,6,
13,72,2,TL3,19.82191781,F,59,7,66,3,1,0,11,3,,,,,,,,,4,5,11,3,3,7,
123,112,2,TL3,19.22465753,F,61,8,69,4,1,3,11,3,2,3,6,2,3,2,2,2,5,13,8,4,10,4,
123,122,2,TL3,19.1369863,F,55,2,57,2,1,5,8,4,2,7,11,5,3,4,10,5,,,,,,,
13,125,2,TL3,23.64109589,M,58,2,60,3,1,5,11,7,,,,,3,5,8,6,,,,,,,
12,137,2,TL3,19.04931507,F,61,4,65,3,1,4,8,5,2,4,7,5,,,,,8,9,11,8,5,7,
123,143,2,TL3,18.38082192,F,61,3,64,3,1,5,6,6,2,5,9,7,3,6,8,7,7,11,8,6,6,5,
12,147,2,TL3,18.95890411,F,68,6,74,5,1,6,11,7,2,9,6,8,,,,,,,,,,,
12,148,2,TL3,18.8739726,F ,57,4,61,3,1,5,12,8,2,8,14,4,,,,,,,,,,,
12,157,2,TL3,18.95616438,F ,59,5,64,3,1,4,7,5,2,4,5,2,,,,,,,,,,,
123,159,2,TL3,18.79452055,F,65,4,69,4,1,4,8,6,2,7,5,4,3,6,7,7,10,11,8,9,7,5,
12,163,2,TL3,20.4630137,F,60,10,70,4,1,6,6,2,2,6,5,2,,,,,,,,,,,
12,167,2,TL3,18.20821918,F,59,6,65,3,1,5,16,9,2,3,12,12,,,,,,11,10,,9,7,
1,173,2,TL3,20.37534247,F ,55,5,60,3,1,0,10,3,,,,,,,,,,7,4,,4,0,
123,175,2,TL3,18.86575342,F,65,12,77,5,1,4,13,10,2,5,10,9,2,4,13,14,8,14,13,7,8,7,
1,178,2,TL3,18.36986301,F,72,6,78,6,1,5,9,6,,,,,,,,,7,11,9,6,8,7,
123,193,2,TL3,18.52876712,M,70,6,76,5,1,5,15,2,2,8,8,6,3,4,8,6,9,12,10,8,8,6,
12,194,2,TL3,20.61643836,F,63,11,74,5,1,7,10,7,2,9,8,11,,,,,,,,,,,
123,199,2,TL3,20.61369863,F,66,9,75,5,1,3,7,5,2,3,3,6,3,4,6,6,6,9,12,6,7,4,
12,232,2,TL3,19.76712329,M,67,6,73,4,1,8,9,9,2,7,8,5,,,,,8,9,8,7,7,5,
2,25,1,TL4,22.75616438,F ,,,,,,,,,5,2,6,7,,,,,,,,,,,
123,33,1,TL4,22.16986301,F,52,3,55,2,4,2,5,1,5,4,5,2,1,3,7,3,5,9,9,5,6,6,
2,44,1,TL4,22.99726027,F ,,,,,,,,,5,6,10,3,,,,,,,,,,,
12,49,1,TL4,20.16438356,F,67,14,81,6,4,5,6,3,5,7,8,5,,,,,,,,,,,
123,64,1,TL4,25.32876712,F,55,6,61,3,4,4,9,4,5,5,7,1,1,8,7,1,,,,,,,
2,76,1,TL4,20.65753425,M,,,,,,,,,5,4,9,4,,,,,,,,,,,
123,84,1,TL4,20.56986301,M ,71,15,86,7,4,3,10,5,5,5,11,9,1,6,6,10,,,,,,,
x12,88,1,TL4,29.40821918,F,,,,,4,4,12,7,5,5,17,9,,,,,,,,,,,
12,90,1,TL4,19.98082192,F,64,8,72,4,4,5,5,5,5,6,7,7,,,,,,,,,,,
12,105,1,TL4,19.39452055,F,68,10,78,6,4,6,7,4,5,5,10,5,,,,,,,,,,,
23,113,1,TL4,20.14246575,F ,,,,,,,,,5,6,8,6,1,5,6,8,,,,,,,
123,123,1,TL4,19.96986301,F,72,11,83,6,4,5,9,4,5,5,13,9,1,6,13,7,,,,,,,
123,127,1,TL4,19.38630137,F,67,7,74,5,4,6,11,4,5,6,7,4,1,6,9,2,6,9,12,6,6,5,
12,140,1,TL4,20.63561644,M,69,10,79,6,4,2,4,6,5,8,8,8,,,,,,8,12,,6,8,
12,141,1,TL4,21.55068493,F,60,10,70,4,4,5,14,5,5,7,11,9,,,,,,,,,,,
123,144,1,TL4,27.13424658,M,48,4,52,2,4,5,9,1,5,4,7,2,1,6,9,1,7,10,13,7,7,8,
13,146,1,TL4,20.04931507,F,66,12,78,6,4,5,16,6,,,,,4,6,19,8,5,,,5,,,
2,149,1,TL4,19.79726027,,,,,,,,,,5,3,5,4,,,,,,,,,,,
123,161,1,TL4,19.54246575,M ,73,11,84,6,4,5,16,10,5,4,8,3,1,6,12,6,,,,,,,
123,168,1,TL4,20.79452055,F,68,16,84,6,4,6,12,5,5,6,9,7,1,6,12,7,,,,,,,
1,196,1,TL4,22.94246575,F,43,0,43,1,4,3,12,4,,,,,,,,,8,12,13,7,8,8,
123,202,1,TL4,19.44383562,M,64,16,80,6,4,3,14,6,5,4,10,8,1,0,0,6,,,,,,,
123,212,1,TL4,19.77534247,F,74,14,88,7,4,5,12,9,5,6,15,11,1,9,15,12,,9,,,8,,
13,2,2,TL4,22.84931507,F,52,2,54,2,2,4,1,3,,,,,2,5,5,6,8,9,10,7,7,6,
123,22,2,TL4,21.00273973,F,67,7,74,5,2,5,12,5,3,5,12,6,4,6,8,7,3,9,6,2,6,1,
123,38,2,TL4,22.67123288,M,57,6,63,3,2,3,4,1,3,3,5,0,4,4,6,3,5,8,13,5,6,6,
123,55,2,TL4,18.83013699,F,62,6,68,4,2,7,7,9,3,4,11,8,4,4,7,12,6,12,12,6,7,6,
x123,58,2,TL4,19.6630137,F,,,,,2,5,14,5,3,6,12,6,4,4,17,6,,,,,,,
123,59,2,TL4,19.24383562,F ,65,15,80,6,2,7,6,4,3,6,7,8,4,8,18,7,8,9,7,8,8,4,
123,66,2,TL4,18.65753425,F ,60,8,68,4,2,5,8,11,3,6,8,9,4,5,9,7,9,9,8,8,7,6,
123,68,2,TL4,18.49041096,F,57,8,65,3,2,5,2,3,3,5,6,5,4,6,13,2,7,12,8,7,9,5,
1,71,2,TL4,18.89863014,F ,64,13,77,5,2,6,14,4,,,,,,,,,,,,,,,
12,74,2,TL4,18.7369863,F,59,6,65,3,2,4,17,3,3,6,10,2,,,,,5,10,15,5,8,9,
123,86,2,TL4,19.56712329,F,66,11,77,5,2,7,11,2,3,7,7,3,4,2,11,3,8,11,10,8,9,7,
123,89,2,TL4,19.15068493,F,69,13,82,6,2,5,10,6,3,6,10,11,4,7,16,8,5,10,12,4,7,7,
12,96,2,TL4,18.64931507,F,66,10,76,5,2,2,10,1,3,4,9,4,,,,,9,7,11,8,4,4,
12,106,2,TL4,19.14246575,F,64,7,71,4,2,5,9,1,3,2,16,2,,,,,,11,,,8,,
123,109,2,TL4,21.89041096,M,66,4,70,4,2,7,10,5,3,8,15,7,4,5,13,8,6,9,11,6,9,6,
23,145,2,TL4,20.13150685,F,,,,,,,,,3,5,9,7,4,6,11,4,9,12,16,8,9,8,
12,150,2,TL4,18.63013699,M,64,17,81,6,2,4,8,7,3,2,7,6,,,,,4,11,11,4,8,6,
12,170,2,TL4,19.62465753,F,54,7,61,3,2,6,7,1,3,4,7,2,,,,,9,9,10,9,8,6,
123,181,2,TL4,18.53424658,F,73,13,86,7,2,9,15,14,3,11,8,15,4,8,11,13,9,11,12,8,7,9,
12,183,2,TL4,19.36712329,M,63,4,67,3,2,6,10,6,3,6,9,4,,,,,,,,,,,
12,186,2,TL4,18.53150685,F,60,7,67,3,2,6,2,4,3,3,9,3,,,,,3,12,9,3,9,7,
123,191,2,TL4,19.69589041,F,62,4,66,3,2,4,8,8,3,6,9,3,4,5,10,6,6,11,6,6,9,4,
123,205,2,TL4,18.35890411,M,53,4,57,2,2,4,7,5,3,4,7,6,4,4,9,4,5,6,10,5,6,4,
2,210,2,TL4,18.85205479,,,,,,,,,,3,3,10,2,,,,,,,,,,,
123,219,2,TL4,19.43835616,F,61,13,74,5,2,5,6,5,3,3,15,8,4,6,16,7,5,6,11,4,5,7,
1,221,2,TL4,19.35342466,F ,59,12,71,4,2,3,4,1,,,,,,,,,,,,,,,
12,241,2,TL4,25.01643836,F ,56,4,60,3,2,2,6,2,3,3,9,2,,,,,3,4,6,3,4,3,
